2.365887838249048798e+02 6.932484064256979082e+02
8.622672539198268851e+02 6.750472393859562317e+02
8.709381433438361455e+02 1.681597376531987038e+02
2.570059722681469339e+02 1.172697340582686536e+02
3.600848383203839944e+02 5.884251754327539174e+02
2.295692270525321419e+02 2.926774959340033888e+02
4.016366452441409933e+02 4.651624890749323527e+01
4.061017086263810825e+02 2.112741339885934337e+02
6.118942399787683826e+02 4.163658719212749588e+02
7.220182890194057563e+02 5.215050181687790882e+02
