2.365604285229847221e+02 6.938739764273400397e+02
8.620327819558195870e+02 6.748780082761736594e+02
8.711817180649617285e+02 1.686928416906797565e+02
2.568453782571971260e+02 1.177384429834336999e+02
3.601296681903652370e+02 5.892507641963619562e+02
2.295681903409085578e+02 2.923513523354581594e+02
4.022670464612086789e+02 4.647041313325838985e+01
4.060798638957064668e+02 2.107895553470762593e+02
6.121832942985845420e+02 4.166353891142337602e+02
7.219053857160996586e+02 5.212125776196769493e+02
